%YAML:1.0

cam0:

#---- Previouse
#  T_imu_cam: #rotation from camera to IMU R_CtoI, position of camera in IMU p_CinI
#    - [ 0,   0,  1,  0.6  ]
#    - [-1,   0,  0,  0.02 ]
#    - [ 0,  -1,  0,  0.1  ]
#    - [ 0,   0,  0,    1  ]

#---- Original Calibr result
#  T_cam_imu:
#  - [0.9998798080753486, -0.0003659295049818638, 0.015499532212328785, -0.010931575605457544]
#  - [0.00032919869825483725, 0.999997131939414, 0.00237228606260289, -0.0005217919892422023]
#  - [-0.015500355848195911, -0.0023668985071473446, 0.9998770608229972, -0.005779478132235441]
#  - [0.0, 0.0, 0.0, 1.0]

#---- 
  T_imu_cam: #rotation from camera to IMU R_CtoI, position of camera in IMU p_CinI
    - [ 0,   0,  1,  0.060  ]
    - [-1,   0,  0,  0.020 ]
    - [ 0,  -1,  0,  0.100  ]
    - [ 0,   0,  0,    1  ]
  cam_overlaps: [1]
  camera_model: pinhole
  distortion_coeffs: [-1.0824491542423104e-01, 4.1138340811566221e-01, 0., 0.]
  distortion_model: radtan
  intrinsics: [682.4245, 682.4245, 319.5, 239.5] #fu, fv, cu, cv
  resolution: [640, 480]
  rostopic: /cam0/image_raw
cam1:
#---- calibr result
#  T_cam_imu:
#  - [0.999879808075349, -0.000365929504981864, 0.015499532212328792, -0.050931575605457545]
#  - [0.00032919869825483736, 0.9999971319394144, 0.0023722860626028907, -0.0005217919892422023]
#  - [-0.015500355848195918, -0.0023668985071473455, 0.9998770608229977, -0.005779478132235441]
#  - [0.0, 0.0, 0.0, 1.0]
  T_imu_cam: #rotation from camera to IMU R_CtoI, position of camera in IMU p_CinI
    - [ 0,   0,  1,  0.060 ]
    - [-1,   0,  0, -0.020 ]
    - [ 0,  -1,  0,  0.100 ]
    - [ 0,   0,  0,    1   ]
  cam_overlaps: [0]
  camera_model: pinhole
  distortion_coeffs: [-1.5978293867651822e-01, 3.4629905247140796e-01, 0., 0.]
  distortion_model: radtan
  intrinsics: [668.392992, 668.392992, 319.5, 239.5] #fu, fv, cu, cv
  resolution: [640, 480]
  rostopic: /cam1/image_raw
